0 192.580322265625 317.8851013183594 277.9728088378906 461.0821838378906
1 792.2189331054688 334.01348876953125 850.9703369140625 487.7538146972656
2 633.3847045898438 289.8396911621094 676.4088745117188 418.641845703125
3 415.78790283203125 209.70445251464844 461.6000061035156 322.3782653808594
4 333.0345764160156 333.3567810058594 424.3937683105469 446.3730163574219
5 200.0557098388672 173.71859741210938 231.2528839111328 279.3637390136719
6 416.7831115722656 303.6718444824219 474.9374084472656 420.0989685058594
7 566.3421020507812 201.648681640625 620.4073486328125 311.6722106933594
8 796.8400268554688 189.51968383789062 835.5272827148438 296.5208435058594
9 283.2230529785156 394.75 337.7804870605469 509.5269470214844
10 219.14903259277344 157.35853576660156 259.404296875 267.4988708496094
11 89.94047546386719 182.7080078125 118.4546890258789 285.0712585449219
12 293.6073303222656 348.43756103515625 344.4209899902344 428.1863708496094
13 560.07470703125 163.1736297607422 598.0398559570312 247.19810485839844
